========================================
MODEL DIAGNOSTICS
========================================
 
EQUILIBRIUM WAGES:
  wL (unskilled):     0.750989
  wH (skilled):       1.129486
  Skill premium:      1.503998
 
GRID INFORMATION:
  K grid: [    0.010000,     2.000000
]
  S grid: [    0.010000,     2.500000
]
  D grid: [    0.000000,     1.200000
]
  HR grid: [    0.000000,     0.500000
]
 
VALUE FUNCTION PROFILE (z=median, K=median, D=0):
  iS        S              V
    1    0.010000    7.731858E-01
    2    0.010574    7.738115E-01
    3    0.011180    7.744502E-01
    4    0.011821    7.751004E-01
    5    0.012499    7.757644E-01
    6    0.013216    7.764435E-01
    7    0.013974    7.768521E-01
    8    0.014776    7.775620E-01
    9    0.015623    7.782907E-01
   10    0.016519    7.790439E-01
   11    0.017467    7.798178E-01
   12    0.018469    7.806119E-01
   13    0.019528    7.814274E-01
   14    0.020648    7.822627E-01
   15    0.021832    7.830819E-01
   16    0.023085    7.837527E-01
   17    0.024409    7.846802E-01
   18    0.025809    7.856398E-01
   19    0.027289    7.865757E-01
   20    0.028854    7.875518E-01
   21    0.030509    7.884589E-01
   22    0.032259    7.895030E-01
   23    0.034110    7.898436E-01
   24    0.036066    7.909800E-01
   25    0.038135    7.921483E-01
   26    0.040322    7.933165E-01
   27    0.042635    7.945262E-01
   28    0.045080    7.958397E-01
   29    0.047666    7.971576E-01
   30    0.050400    7.985333E-01
   31    0.053290    7.999902E-01
   32    0.056347    8.015004E-01
   33    0.059579    8.031099E-01
   34    0.062996    8.047662E-01
   35    0.066609    8.064806E-01
   36    0.070430    8.082733E-01
   37    0.074469    8.101477E-01
   38    0.078741    8.121130E-01
   39    0.083257    8.141670E-01
   40    0.088032    8.161714E-01
   41    0.093082    8.166595E-01
   42    0.098421    8.190453E-01
   43    0.104066    8.234171E-01
   44    0.110035    8.262629E-01
   45    0.116346    8.292467E-01
   46    0.123019    8.321662E-01
   47    0.130075    8.352519E-01
   48    0.137536    8.385638E-01
   49    0.145425    8.420469E-01
   50    0.153766    8.458223E-01
   51    0.162585    8.497011E-01
   52    0.171911    8.537799E-01
   53    0.181771    8.582463E-01
   54    0.192197    8.628108E-01
   55    0.203220    8.673077E-01
   56    0.214876    8.719475E-01
   57    0.227201    8.769289E-01
   58    0.240233    8.821051E-01
   59    0.254012    8.854305E-01
   60    0.268581    8.910924E-01
   61    0.283986    8.971433E-01
   62    0.300275    9.033307E-01
   63    0.317497    9.099738E-01
   64    0.335708    9.165264E-01
   65    0.354963    9.276891E-01
   66    0.375323    9.358935E-01
   67    0.396850    9.445073E-01
   68    0.419612    9.530331E-01
   69    0.443680    9.621510E-01
   70    0.469128    9.719500E-01
   71    0.496036    9.808482E-01
   72    0.524487    9.904709E-01
   73    0.554570    1.003141E+00
   74    0.586378    1.014460E+00
   75    0.620011    1.029768E+00
   76    0.655573    1.043745E+00
   77    0.693175    1.057491E+00
   78    0.732933    1.070569E+00
   79    0.774972    1.086330E+00
   80    0.819422    1.105101E+00
   81    0.866422    1.121462E+00
   82    0.916117    1.141146E+00
   83    0.968663    1.160004E+00
   84    1.024222    1.180525E+00
   85    1.082968    1.205097E+00
   86    1.145084    1.229393E+00
   87    1.210763    1.251718E+00
   88    1.280208    1.278619E+00
   89    1.353637    1.312159E+00
   90    1.431278    1.341639E+00
   91    1.513371    1.372287E+00
   92    1.600174    1.413537E+00
   93    1.691955    1.456108E+00
   94    1.789000    1.510403E+00
   95    1.891611    1.583970E+00
   96    2.000108    1.599697E+00
   97    2.114829    1.649906E+00
   98    2.236129    1.709312E+00
   99    2.364386    1.732903E+00
  100    2.500000    1.780097E+00
 
VALUE FUNCTION PROFILE (z=median, S=median, D=0):
  iK        K              V
    1    0.010000    6.989751E-01
    2    0.010550    6.997655E-01
    3    0.011130    7.006134E-01
    4    0.011742    7.014973E-01
    5    0.012387    7.026153E-01
    6    0.013068    7.037907E-01
    7    0.013787    7.050183E-01
    8    0.014545    7.062938E-01
    9    0.015344    7.076218E-01
   10    0.016188    7.090067E-01
   11    0.017078    7.104273E-01
   12    0.018016    7.120093E-01
   13    0.019007    7.135528E-01
   14    0.020052    7.151259E-01
   15    0.021154    7.166867E-01
   16    0.022317    7.182804E-01
   17    0.023544    7.199115E-01
   18    0.024839    7.219757E-01
   19    0.026204    7.236077E-01
   20    0.027645    7.255914E-01
   21    0.029165    7.275780E-01
   22    0.030768    7.298212E-01
   23    0.032459    7.318455E-01
   24    0.034244    7.340335E-01
   25    0.036126    7.365117E-01
   26    0.038113    7.390798E-01
   27    0.040208    7.417928E-01
   28    0.042418    7.445790E-01
   29    0.044750    7.476063E-01
   30    0.047211    7.507361E-01
   31    0.049806    7.537798E-01
   32    0.052544    7.569245E-01
   33    0.055433    7.601192E-01
   34    0.058480    7.636819E-01
   35    0.061695    7.676716E-01
   36    0.065087    7.713281E-01
   37    0.068665    7.752860E-01
   38    0.072440    7.793312E-01
   39    0.076423    7.835701E-01
   40    0.080624    7.878212E-01
   41    0.085057    7.925626E-01
   42    0.089733    7.973713E-01
   43    0.094666    8.024369E-01
   44    0.099871    8.078084E-01
   45    0.105361    8.131275E-01
   46    0.111153    8.186418E-01
   47    0.117264    8.254038E-01
   48    0.123711    8.318683E-01
   49    0.130512    8.386396E-01
   50    0.137687    8.458223E-01
   51    0.145257    8.535612E-01
   52    0.153242    8.602968E-01
   53    0.161667    8.698202E-01
   54    0.170555    8.784707E-01
   55    0.179932    8.875749E-01
   56    0.189824    8.976251E-01
   57    0.200259    9.072925E-01
   58    0.211269    9.186519E-01
   59    0.222884    9.294657E-01
   60    0.235137    9.417337E-01
   61    0.248064    9.541266E-01
   62    0.261702    9.673317E-01
   63    0.276089    9.814491E-01
   64    0.291267    9.956657E-01
   65    0.307280    1.011192E+00
   66    0.324173    1.027440E+00
   67    0.341995    1.045033E+00
   68    0.360797    1.062917E+00
   69    0.380632    1.081814E+00
   70    0.401558    1.101665E+00
   71    0.423634    1.122570E+00
   72    0.446924    1.144585E+00
   73    0.471494    1.167106E+00
   74    0.497415    1.190095E+00
   75    0.524761    1.214177E+00
   76    0.553611    1.238542E+00
   77    0.584046    1.264953E+00
   78    0.616155    1.293608E+00
   79    0.650029    1.322568E+00
   80    0.685765    1.352873E+00
   81    0.723466    1.385132E+00
   82    0.763240    1.417882E+00
   83    0.805200    1.452024E+00
   84    0.849467    1.487134E+00
   85    0.896167    1.525131E+00
   86    0.945435    1.564690E+00
   87    0.997412    1.605424E+00
   88    1.052246    1.647518E+00
   89    1.110095    1.691396E+00
   90    1.171124    1.737173E+00
   91    1.235508    1.784380E+00
   92    1.303431    1.834404E+00
   93    1.375089    1.885848E+00
   94    1.450687    1.939568E+00
   95    1.530440    1.997268E+00
   96    1.614578    2.068920E+00
   97    1.703342    2.114356E+00
   98    1.796985    2.171997E+00
   99    1.895777    2.241107E+00
  100    2.000000    2.325705E+00
 
POLICY FUNCTIONS AT MEDIAN STATE (z=median, K=median, S=median, D=0):
  L:             0.085947
  HP:            0.015380
  HR:            0.001055
  I^K:          -0.040000
  D':            0.000000
  K':            0.083918
  S':            0.133841
  Y:             0.113337
 
POLICY FUNCTIONS AT ENTRY STATE (z=median, K=K_min, S=S_min, D=0):
  L:             0.020469
  HP:            0.002712
  HR:            0.002201
  I^K:           0.018421
  D':            0.012350
  K':            0.027421
  S':            0.014588
  Y:             0.026992
  Profit:        0.008557
 
FIRM TYPE CLASSIFICATION (Khan & Thomas):
  Type A (unconstrained, mu=0,lam=0):       63.30%
  Type B (pot.constr., mu>0,lam=0):         10.14%
  Type C (act.constr., mu>0,lam>0):         26.56%
  Dividend constraint: div >= 0 (hard, no equity issuance)
 
R&D PROFITABILITY ANALYSIS:
  Estimated dV/dS:                     1.031703E+00
  wH (cost per HR):                    1.129486
  Gamma_RD:                            1.500000
  xi:                                  0.900000
  beta:                                0.960000
  At HR=0.01, dS = Gamma*HR^xi:        0.023773
  Marginal benefit at HR=0.01:         2.119141E+00
  Marginal cost (wH):                  1.129486
  Net marginal benefit:                9.896547E-01
  (No (1-zeta) factor: V already includes exit probability)
 
BUDGET CONSTRAINT AT ENTRY STATE:
  Gross profit (Y - wL*L - wH*HP):     0.008557
  Debt repayment (R*D):                0.000000
  New borrowing (D'):                  0.012350
  Resources available:                 0.020907
  Tangible investment (I^K):           0.018421
  R&D cost (wH*HR):                    0.002486
  Total expenses:                      0.020907
  Dividends (must be >= 0):            0.000000
  Exit value at entry:                 0.026057
 
COLLATERAL CONSTRAINT AT ENTRY:
  alpha_K * K':                        0.010447
  alpha_S * S':                        0.001955
  Max borrowing (alpha*K'+alpha*S'):     0.012402
  Actual D':                           0.012350
  Constraint binding?               T
 
EXIT VALUE (after production, before investment):
  exit_val = max(Pi + (1-dK)*K + (1-dS)*S - R*D, 0)
  Firms sell depreciated K and S, repay R*D
  Pi at entry:                         0.008557
  K at entry:                          0.010000
  S at entry:                          0.010000
  R*D at entry:                        0.000000
  Exit value at entry:                 0.026057
  Pi at median:                        0.031420
  K at median:                         0.137687
  S at median:                         0.153766
  Exit value at median:                0.286039
  Agg exit value:                      1.143689
