iz iK iS iD z K S D mass
     1     1     1     1      0.236655      0.100000      0.010000      0.000000      0.006657
     2     1     1     1      0.315713      0.100000      0.010000      0.000000      0.022999
     2     5     2     1      0.315713      0.175751      1.030204      0.000000      0.000000
     2     6     1     1      0.315713      0.202359      0.010000      0.000000      0.000000
     2     6     2     1      0.315713      0.202359      1.030204      0.000000      0.000000
     2     6     3     1      0.315713      0.202359      2.050408      0.000000      0.000000
     2     9     2     1      0.315713      0.308884      1.030204      0.000000      0.000000
     2    10     1     1      0.315713      0.355648      0.010000      0.000000      0.000000
     2    10     2     1      0.315713      0.355648      1.030204      0.000000      0.000000
     2    10     3     1      0.315713      0.355648      2.050408      0.000000      0.000000
     2    12     1     1      0.315713      0.471487      0.010000      0.000000      0.000000
     2    12     2     1      0.315713      0.471487      1.030204      0.000000      0.000000
     2    13     1     1      0.315713      0.542868      0.010000      0.000000      0.000000
     2    13     2     1      0.315713      0.542868      1.030204      0.000000      0.000000
     2    13     3     1      0.315713      0.542868      2.050408      0.000000      0.000000
     2    15     2     1      0.315713      0.719686      1.030204      0.000000      0.000000
     3     1     1     1      0.421181      0.100000      0.010000      0.000000      0.060513
     3     5     1     1      0.421181      0.175751      0.010000      0.000000      0.000000
     3     5     2     1      0.421181      0.175751      1.030204      0.000000      0.000002
     3     5     3     1      0.421181      0.175751      2.050408      0.000000      0.000000
     3     6     1     1      0.421181      0.202359      0.010000      0.000000      0.000003
     3     6     2     1      0.421181      0.202359      1.030204      0.000000      0.000017
     3     6     3     1      0.421181      0.202359      2.050408      0.000000      0.000001
     3     9     1     1      0.421181      0.308884      0.010000      0.000000      0.000000
     3     9     2     1      0.421181      0.308884      1.030204      0.000000      0.000005
     3     9     3     1      0.421181      0.308884      2.050408      0.000000      0.000000
     3    10     1     1      0.421181      0.355648      0.010000      0.000000      0.000002
     3    10     2     1      0.421181      0.355648      1.030204      0.000000      0.000031
     3    10     3     1      0.421181      0.355648      2.050408      0.000000      0.000002
     3    12     1     1      0.421181      0.471487      0.010000      0.000000      0.000000
     3    12     2     1      0.421181      0.471487      1.030204      0.000000      0.000009
     3    12     3     1      0.421181      0.471487      2.050408      0.000000      0.000001
     3    13     1     1      0.421181      0.542868      0.010000      0.000000      0.000001
     3    13     2     1      0.421181      0.542868      1.030204      0.000000      0.000022
     3    13     3     1      0.421181      0.542868      2.050408      0.000000      0.000002
     3    15     1     1      0.421181      0.719686      0.010000      0.000000      0.000000
     3    15     2     1      0.421181      0.719686      1.030204      0.000000      0.000003
     3    15     3     1      0.421181      0.719686      2.050408      0.000000      0.000000
     3    16     1     1      0.421181      0.828643      0.010000      0.000000      0.000000
     3    16     2     1      0.421181      0.828643      1.030204      0.000000      0.000000
     3    16     3     1      0.421181      0.828643      2.050408      0.000000      0.000000
     3    17     1     1      0.421181      0.954095      0.010000      0.000000      0.000000
     3    17     2     1      0.421181      0.954095      1.030204      0.000000      0.000002
     3    17     3     1      0.421181      0.954095      2.050408      0.000000      0.000000
     3    18     2     1      0.421181      1.098541      1.030204      0.000000      0.000002
     3    18     3     1      0.421181      1.098541      2.050408      0.000000      0.000000
     3    19     2     1      0.421181      1.264855      1.030204      0.000000      0.000003
     3    19     3     1      0.421181      1.264855      2.050408      0.000000      0.000000
     3    20     2     1      0.421181      1.456348      1.030204      0.000000      0.000002
     3    20     3     1      0.421181      1.456348      2.050408      0.000000      0.000000
     4     1     1     1      0.561883      0.100000      0.010000      0.000000      0.119003
     4     5     1     1      0.561883      0.175751      0.010000      0.000000      0.000002
     4     5     2     1      0.561883      0.175751      1.030204      0.000000      0.000012
     4     5     3     1      0.561883      0.175751      2.050408      0.000000      0.000001
     4     6     1     1      0.561883      0.202359      0.010000      0.000000      0.000017
     4     6     2     1      0.561883      0.202359      1.030204      0.000000      0.000088
     4     6     3     1      0.561883      0.202359      2.050408      0.000000      0.000006
     4     9     1     1      0.561883      0.308884      0.010000      0.000000      0.000002
     4     9     2     1      0.561883      0.308884      1.030204      0.000000      0.000026
     4     9     3     1      0.561883      0.308884      2.050408      0.000000      0.000002
     4    10     1     1      0.561883      0.355648      0.010000      0.000000      0.000011
     4    10     2     1      0.561883      0.355648      1.030204      0.000000      0.000156
     4    10     3     1      0.561883      0.355648      2.050408      0.000000      0.000011
     4    11     2     1      0.561883      0.409492      1.030204      0.000000      0.000000
     4    12     1     1      0.561883      0.471487      0.010000      0.000000      0.000001
     4    12     2     1      0.561883      0.471487      1.030204      0.000000      0.000132
     4    12     3     1      0.561883      0.471487      2.050408      0.000000      0.000012
     4    13     1     1      0.561883      0.542868      0.010000      0.000000      0.000002
     4    13     2     1      0.561883      0.542868      1.030204      0.000000      0.000303
     4    13     3     1      0.561883      0.542868      2.050408      0.000000      0.000028
     4    14     1     1      0.561883      0.625055      0.010000      0.000000      0.000000
     4    14     2     1      0.561883      0.625055      1.030204      0.000000      0.000001
     4    14     3     1      0.561883      0.625055      2.050408      0.000000      0.000000
     4    15     1     1      0.561883      0.719686      0.010000      0.000000      0.000000
     4    15     2     1      0.561883      0.719686      1.030204      0.000000      0.000147
     4    15     3     1      0.561883      0.719686      2.050408      0.000000      0.000016
     4    16     1     1      0.561883      0.828643      0.010000      0.000000      0.000003
     4    16     2     1      0.561883      0.828643      1.030204      0.000000      0.000045
     4    16     3     1      0.561883      0.828643      2.050408      0.000000      0.000003
     4    17     1     1      0.561883      0.954095      0.010000      0.000000      0.000005
     4    17     2     1      0.561883      0.954095      1.030204      0.000000      0.000153
     4    17     3     1      0.561883      0.954095      2.050408      0.000000      0.000012
     4    18     1     1      0.561883      1.098541      0.010000      0.000000      0.000001
     4    18     2     1      0.561883      1.098541      1.030204      0.000000      0.000205
     4    18     3     1      0.561883      1.098541      2.050408      0.000000      0.000018
     4    19     2     1      0.561883      1.264855      1.030204      0.000000      0.000336
     4    19     3     1      0.561883      1.264855      2.050408      0.000000      0.000032
     4    20     2     1      0.561883      1.456348      1.030204      0.000000      0.000254
     4    20     3     1      0.561883      1.456348      2.050408      0.000000      0.000025
     4    21     2     1      0.561883      1.676833      1.030204      0.000000      0.000013
     4    21     3     1      0.561883      1.676833      2.050408      0.000000      0.000001
     4    22     2     1      0.561883      1.930698      1.030204      0.000000      0.000004
     4    22     3     1      0.561883      1.930698      2.050408      0.000000      0.000000
     4    23     2     1      0.561883      2.222996      1.030204      0.000000      0.000000
     5     1     1     1      0.749589      0.100000      0.010000      0.000000      0.168952
     5     5     1     1      0.749589      0.175751      0.010000      0.000000      0.000010
     5     5     2     1      0.749589      0.175751      1.030204      0.000000      0.000007
     5     5     3     1      0.749589      0.175751      2.050408      0.000000      0.000000
     5     6     1     1      0.749589      0.202359      0.010000      0.000000      0.000071
     5     6     2     1      0.749589      0.202359      1.030204      0.000000      0.000053
     5     6     3     1      0.749589      0.202359      2.050408      0.000000      0.000002
     5     9     1     1      0.749589      0.308884      0.010000      0.000000      0.000013
     5     9     2     1      0.749589      0.308884      1.030204      0.000000      0.000012
     5     9     3     1      0.749589      0.308884      2.050408      0.000000      0.000001
     5    10     1     1      0.749589      0.355648      0.010000      0.000000      0.000139
     5    10     2     1      0.749589      0.355648      1.030204      0.000000      0.000073
     5    10     3     1      0.749589      0.355648      2.050408      0.000000      0.000004
     5    11     1     1      0.749589      0.409492      0.010000      0.000000      0.000000
     5    11     2     1      0.749589      0.409492      1.030204      0.000000      0.000008
     5    11     3     1      0.749589      0.409492      2.050408      0.000000      0.000000
     5    12     1     1      0.749589      0.471487      0.010000      0.000000      0.000001
     5    12     2     1      0.749589      0.471487      1.030204      0.000000      0.000427
     5    12     3     1      0.749589      0.471487      2.050408      0.000000      0.000043
     5    13     1     1      0.749589      0.542868      0.010000      0.000000      0.000027
     5    13     2     1      0.749589      0.542868      1.030204      0.000000      0.001022
     5    13     3     1      0.749589      0.542868      2.050408      0.000000      0.000100
     5    14     1     1      0.749589      0.625055      0.010000      0.000000      0.000022
     5    14     2     1      0.749589      0.625055      1.030204      0.000000      0.000064
     5    14     3     1      0.749589      0.625055      2.050408      0.000000      0.000003
     5    15     1     1      0.749589      0.719686      0.010000      0.000000      0.000010
     5    15     2     1      0.749589      0.719686      1.030204      0.000000      0.000806
     5    15     3     1      0.749589      0.719686      2.050408      0.000000      0.000080
     5    16     1     1      0.749589      0.828643      0.010000      0.000000      0.000031
     5    16     2     1      0.749589      0.828643      1.030204      0.000000      0.000508
     5    16     3     1      0.749589      0.828643      2.050408      0.000000      0.000031
     5    17     1     1      0.749589      0.954095      0.010000      0.000000      0.000031
     5    17     2     1      0.749589      0.954095      1.030204      0.000000      0.001481
     5    17     3     1      0.749589      0.954095      2.050408      0.000000      0.000132
     5    18     1     1      0.749589      1.098541      0.010000      0.000000      0.000011
     5    18     2     1      0.749589      1.098541      1.030204      0.000000      0.001757
     5    18     3     1      0.749589      1.098541      2.050408      0.000000      0.000156
     5    19     1     1      0.749589      1.264855      0.010000      0.000000      0.000005
     5    19     2     1      0.749589      1.264855      1.030204      0.000000      0.002708
     5    19     3     1      0.749589      1.264855      2.050408      0.000000      0.000260
     5    20     2     1      0.749589      1.456348      1.030204      0.000000      0.002340
     5    20     3     1      0.749589      1.456348      2.050408      0.000000      0.000235
     5    21     2     1      0.749589      1.676833      1.030204      0.000000      0.001149
     5    21     3     1      0.749589      1.676833      2.050408      0.000000      0.000127
     5    22     2     1      0.749589      1.930698      1.030204      0.000000      0.000369
     5    22     3     1      0.749589      1.930698      2.050408      0.000000      0.000044
     5    23     2     1      0.749589      2.222996      1.030204      0.000000      0.000024
     5    23     3     1      0.749589      2.222996      2.050408      0.000000      0.000003
     5    24     2     1      0.749589      2.559548      1.030204      0.000000      0.000003
     5    24     3     1      0.749589      2.559548      2.050408      0.000000      0.000000
     5    25     2     1      0.749589      2.947052      1.030204      0.000000      0.000000
     5    25     3     1      0.749589      2.947052      2.050408      0.000000      0.000000
     6     1     1     1      1.000000      0.100000      0.010000      0.000000      0.149239
     6     5     1     1      1.000000      0.175751      0.010000      0.000000      0.000033
     6     5     2     1      1.000000      0.175751      1.030204      0.000000      0.000012
     6     6     1     1      1.000000      0.202359      0.010000      0.000000      0.000247
     6     6     2     1      1.000000      0.202359      1.030204      0.000000      0.000090
     6     6     3     1      1.000000      0.202359      2.050408      0.000000      0.000000
     6     9     1     1      1.000000      0.308884      0.010000      0.000000      0.000437
     6     9     2     1      1.000000      0.308884      1.030204      0.000000      0.000046
     6    10     1     1      1.000000      0.355648      0.010000      0.000000      0.007061
     6    10     2     1      1.000000      0.355648      1.030204      0.000000      0.000567
     6    10     3     1      1.000000      0.355648      2.050408      0.000000      0.000000
     6    11     1     1      1.000000      0.409492      0.010000      0.000000      0.000005
     6    11     2     1      1.000000      0.409492      1.030204      0.000000      0.000032
     6    11     3     1      1.000000      0.409492      2.050408      0.000000      0.000001
     6    12     1     1      1.000000      0.471487      0.010000      0.000000      0.000024
     6    12     2     1      1.000000      0.471487      1.030204      0.000000      0.000161
     6    12     3     1      1.000000      0.471487      2.050408      0.000000      0.000013
     6    13     1     1      1.000000      0.542868      0.010000      0.000000      0.001894
     6    13     2     1      1.000000      0.542868      1.030204      0.000000      0.001378
     6    13     3     1      1.000000      0.542868      2.050408      0.000000      0.000042
     6    14     1     1      1.000000      0.625055      0.010000      0.000000      0.001620
     6    14     2     1      1.000000      0.625055      1.030204      0.000000      0.000999
     6    14     3     1      1.000000      0.625055      2.050408      0.000000      0.000017
     6    15     1     1      1.000000      0.719686      0.010000      0.000000      0.000730
     6    15     2     1      1.000000      0.719686      1.030204      0.000000      0.001533
     6    15     3     1      1.000000      0.719686      2.050408      0.000000      0.000076
     6    16     1     1      1.000000      0.828643      0.010000      0.000000      0.001227
     6    16     2     1      1.000000      0.828643      1.030204      0.000000      0.002539
     6    16     3     1      1.000000      0.828643      2.050408      0.000000      0.000112
     6    17     1     1      1.000000      0.954095      0.010000      0.000000      0.000681
     6    17     2     1      1.000000      0.954095      1.030204      0.000000      0.004533
     6    17     3     1      1.000000      0.954095      2.050408      0.000000      0.000386
     6    18     1     1      1.000000      1.098541      0.010000      0.000000      0.000611
     6    18     2     1      1.000000      1.098541      1.030204      0.000000      0.004947
     6    18     3     1      1.000000      1.098541      2.050408      0.000000      0.000398
     6    19     1     1      1.000000      1.264855      0.010000      0.000000      0.000383
     6    19     2     1      1.000000      1.264855      1.030204      0.000000      0.006725
     6    19     3     1      1.000000      1.264855      2.050408      0.000000      0.000604
     6    20     1     1      1.000000      1.456348      0.010000      0.000000      0.000005
     6    20     2     1      1.000000      1.456348      1.030204      0.000000      0.007155
     6    20     3     1      1.000000      1.456348      2.050408      0.000000      0.000748
     6    21     1     1      1.000000      1.676833      0.010000      0.000000      0.000002
     6    21     2     1      1.000000      1.676833      1.030204      0.000000      0.006434
     6    21     3     1      1.000000      1.676833      2.050408      0.000000      0.000751
     6    22     2     1      1.000000      1.930698      1.030204      0.000000      0.003259
     6    22     3     1      1.000000      1.930698      2.050408      0.000000      0.000457
     6    23     2     1      1.000000      2.222996      1.030204      0.000000      0.001741
     6    23     3     1      1.000000      2.222996      2.050408      0.000000      0.000229
     6    24     2     1      1.000000      2.559548      1.030204      0.000000      0.000251
     6    24     3     1      1.000000      2.559548      2.050408      0.000000      0.000038
     6    25     2     1      1.000000      2.947052      1.030204      0.000000      0.000045
     6    25     3     1      1.000000      2.947052      2.050408      0.000000      0.000019
     6    26     2     1      1.000000      3.393222      1.030204      0.000000      0.000003
     6    26     3     1      1.000000      3.393222      2.050408      0.000000      0.000001
     6    27     2     1      1.000000      3.906940      1.030204      0.000000      0.000000
     6    27     3     1      1.000000      3.906940      2.050408      0.000000      0.000000
     7     1     1     1      1.334065      0.100000      0.010000      0.000000      0.043399
     7     5     1     1      1.334065      0.175751      0.010000      0.000000      0.000008
     7     5     2     1      1.334065      0.175751      1.030204      0.000000      0.000003
     7     6     1     1      1.334065      0.202359      0.010000      0.000000      0.000062
     7     6     2     1      1.334065      0.202359      1.030204      0.000000      0.000022
     7     9     1     1      1.334065      0.308884      0.010000      0.000000      0.001522
     7     9     2     1      1.334065      0.308884      1.030204      0.000000      0.000163
     7    10     1     1      1.334065      0.355648      0.010000      0.000000      0.025572
     7    10     2     1      1.334065      0.355648      1.030204      0.000000      0.002367
     7    11     1     1      1.334065      0.409492      0.010000      0.000000      0.000017
     7    11     2     1      1.334065      0.409492      1.030204      0.000000      0.000018
     7    11     3     1      1.334065      0.409492      2.050408      0.000000      0.000000
     7    12     1     1      1.334065      0.471487      0.010000      0.000000      0.000081
     7    12     2     1      1.334065      0.471487      1.030204      0.000000      0.000048
     7    12     3     1      1.334065      0.471487      2.050408      0.000000      0.000001
     7    13     1     1      1.334065      0.542868      0.010000      0.000000      0.007424
     7    13     2     1      1.334065      0.542868      1.030204      0.000000      0.003554
     7    13     3     1      1.334065      0.542868      2.050408      0.000000      0.000031
     7    14     1     1      1.334065      0.625055      0.010000      0.000000      0.006369
     7    14     2     1      1.334065      0.625055      1.030204      0.000000      0.003048
     7    14     3     1      1.334065      0.625055      2.050408      0.000000      0.000027
     7    15     1     1      1.334065      0.719686      0.010000      0.000000      0.003074
     7    15     2     1      1.334065      0.719686      1.030204      0.000000      0.002807
     7    15     3     1      1.334065      0.719686      2.050408      0.000000      0.000072
     7    16     1     1      1.334065      0.828643      0.010000      0.000000      0.005059
     7    16     2     1      1.334065      0.828643      1.030204      0.000000      0.005043
     7    16     3     1      1.334065      0.828643      2.050408      0.000000      0.000144
     7    17     1     1      1.334065      0.954095      0.010000      0.000000      0.002902
     7    17     2     1      1.334065      0.954095      1.030204      0.000000      0.004802
     7    17     3     1      1.334065      0.954095      2.050408      0.000000      0.000241
     7    18     1     1      1.334065      1.098541      0.010000      0.000000      0.002657
     7    18     2     1      1.334065      1.098541      1.030204      0.000000      0.005653
     7    18     3     1      1.334065      1.098541      2.050408      0.000000      0.000327
     7    19     1     1      1.334065      1.264855      0.010000      0.000000      0.001783
     7    19     2     1      1.334065      1.264855      1.030204      0.000000      0.006483
     7    19     3     1      1.334065      1.264855      2.050408      0.000000      0.000468
     7    20     1     1      1.334065      1.456348      0.010000      0.000000      0.000315
     7    20     2     1      1.334065      1.456348      1.030204      0.000000      0.008338
     7    20     3     1      1.334065      1.456348      2.050408      0.000000      0.000922
     7    21     1     1      1.334065      1.676833      0.010000      0.000000      0.000150
     7    21     2     1      1.334065      1.676833      1.030204      0.000000      0.008524
     7    21     3     1      1.334065      1.676833      2.050408      0.000000      0.001025
     7    22     1     1      1.334065      1.930698      0.010000      0.000000      0.000001
     7    22     2     1      1.334065      1.930698      1.030204      0.000000      0.007746
     7    22     3     1      1.334065      1.930698      2.050408      0.000000      0.001106
     7    23     2     1      1.334065      2.222996      1.030204      0.000000      0.009148
     7    23     3     1      1.334065      2.222996      2.050408      0.000000      0.001267
     7    24     2     1      1.334065      2.559548      1.030204      0.000000      0.004368
     7    24     3     1      1.334065      2.559548      2.050408      0.000000      0.000894
     7    25     2     1      1.334065      2.947052      1.030204      0.000000      0.002777
     7    25     3     1      1.334065      2.947052      2.050408      0.000000      0.001140
     7    26     2     1      1.334065      3.393222      1.030204      0.000000      0.000228
     7    26     3     1      1.334065      3.393222      2.050408      0.000000      0.000082
     7    27     2     1      1.334065      3.906940      1.030204      0.000000      0.000042
     7    27     3     1      1.334065      3.906940      2.050408      0.000000      0.000026
     7    28     2     1      1.334065      4.498433      1.030204      0.000000      0.000001
     7    28     3     1      1.334065      4.498433      2.050408      0.000000      0.000003
     7    29     2     1      1.334065      5.179475      1.030204      0.000000      0.000000
     7    29     3     1      1.334065      5.179475      2.050408      0.000000      0.000000
     8     1     1     1      1.779729      0.100000      0.010000      0.000000      0.012402
     8     5     1     1      1.779729      0.175751      0.010000      0.000000      0.000000
     8     5     2     1      1.779729      0.175751      1.030204      0.000000      0.000000
     8     6     1     1      1.779729      0.202359      0.010000      0.000000      0.000001
     8     6     2     1      1.779729      0.202359      1.030204      0.000000      0.000000
     8     9     1     1      1.779729      0.308884      0.010000      0.000000      0.000647
     8     9     2     1      1.779729      0.308884      1.030204      0.000000      0.000150
     8    10     1     1      1.779729      0.355648      0.010000      0.000000      0.011204
     8    10     2     1      1.779729      0.355648      1.030204      0.000000      0.002550
     8    11     1     1      1.779729      0.409492      0.010000      0.000000      0.000004
     8    11     2     1      1.779729      0.409492      1.030204      0.000000      0.000003
     8    11     3     1      1.779729      0.409492      2.050408      0.000000      0.000000
     8    12     1     1      1.779729      0.471487      0.010000      0.000000      0.000025
     8    12     2     1      1.779729      0.471487      1.030204      0.000000      0.000013
     8    12     3     1      1.779729      0.471487      2.050408      0.000000      0.000000
     8    13     1     1      1.779729      0.542868      0.010000      0.000000      0.004490
     8    13     2     1      1.779729      0.542868      1.030204      0.000000      0.001877
     8    13     3     1      1.779729      0.542868      2.050408      0.000000      0.000009
     8    14     1     1      1.779729      0.625055      0.010000      0.000000      0.003890
     8    14     2     1      1.779729      0.625055      1.030204      0.000000      0.001556
     8    14     3     1      1.779729      0.625055      2.050408      0.000000      0.000005
     8    15     1     1      1.779729      0.719686      0.010000      0.000000      0.002452
     8    15     2     1      1.779729      0.719686      1.030204      0.000000      0.001220
     8    15     3     1      1.779729      0.719686      2.050408      0.000000      0.000014
     8    16     1     1      1.779729      0.828643      0.010000      0.000000      0.003826
     8    16     2     1      1.779729      0.828643      1.030204      0.000000      0.002018
     8    16     3     1      1.779729      0.828643      2.050408      0.000000      0.000028
     8    17     1     1      1.779729      0.954095      0.010000      0.000000      0.002573
     8    17     2     1      1.779729      0.954095      1.030204      0.000000      0.001577
     8    17     3     1      1.779729      0.954095      2.050408      0.000000      0.000035
     8    18     1     1      1.779729      1.098541      0.010000      0.000000      0.002435
     8    18     2     1      1.779729      1.098541      1.030204      0.000000      0.001726
     8    18     3     1      1.779729      1.098541      2.050408      0.000000      0.000055
     8    19     1     1      1.779729      1.264855      0.010000      0.000000      0.001980
     8    19     2     1      1.779729      1.264855      1.030204      0.000000      0.001734
     8    19     3     1      1.779729      1.264855      2.050408      0.000000      0.000078
     8    20     1     1      1.779729      1.456348      0.010000      0.000000      0.001197
     8    20     2     1      1.779729      1.456348      1.030204      0.000000      0.002237
     8    20     3     1      1.779729      1.456348      2.050408      0.000000      0.000182
     8    21     1     1      1.779729      1.676833      0.010000      0.000000      0.000685
     8    21     2     1      1.779729      1.676833      1.030204      0.000000      0.003761
     8    21     3     1      1.779729      1.676833      2.050408      0.000000      0.000259
     8    22     1     1      1.779729      1.930698      0.010000      0.000000      0.000072
     8    22     2     1      1.779729      1.930698      1.030204      0.000000      0.004313
     8    22     3     1      1.779729      1.930698      2.050408      0.000000      0.000358
     8    23     1     1      1.779729      2.222996      0.010000      0.000000      0.000002
     8    23     2     1      1.779729      2.222996      1.030204      0.000000      0.011232
     8    23     3     1      1.779729      2.222996      2.050408      0.000000      0.001683
     8    24     1     1      1.779729      2.559548      0.010000      0.000000      0.000000
     8    24     2     1      1.779729      2.559548      1.030204      0.000000      0.011303
     8    24     3     1      1.779729      2.559548      2.050408      0.000000      0.002449
     8    25     2     1      1.779729      2.947052      1.030204      0.000000      0.008967
     8    25     3     1      1.779729      2.947052      2.050408      0.000000      0.003614
     8    26     2     1      1.779729      3.393222      1.030204      0.000000      0.003040
     8    26     3     1      1.779729      3.393222      2.050408      0.000000      0.001344
     8    27     2     1      1.779729      3.906940      1.030204      0.000000      0.002174
     8    27     3     1      1.779729      3.906940      2.050408      0.000000      0.001333
     8    28     2     1      1.779729      4.498433      1.030204      0.000000      0.000102
     8    28     3     1      1.779729      4.498433      2.050408      0.000000      0.000166
     8    29     2     1      1.779729      5.179475      1.030204      0.000000      0.000016
     8    29     3     1      1.779729      5.179475      2.050408      0.000000      0.000018
     8    30     2     1      1.779729      5.963623      1.030204      0.000000      0.000000
     8    30     3     1      1.779729      5.963623      2.050408      0.000000      0.000004
     9     1     1     1      2.374275      0.100000      0.010000      0.000000      0.006063
     9     9     1     1      2.374275      0.308884      0.010000      0.000000      0.000195
     9     9     2     1      2.374275      0.308884      1.030204      0.000000      0.000069
     9    10     1     1      2.374275      0.355648      0.010000      0.000000      0.003455
     9    10     2     1      2.374275      0.355648      1.030204      0.000000      0.001232
     9    11     1     1      2.374275      0.409492      0.010000      0.000000      0.000000
     9    11     2     1      2.374275      0.409492      1.030204      0.000000      0.000000
     9    12     1     1      2.374275      0.471487      0.010000      0.000000      0.000003
     9    12     2     1      2.374275      0.471487      1.030204      0.000000      0.000002
     9    12     3     1      2.374275      0.471487      2.050408      0.000000      0.000000
     9    13     1     1      2.374275      0.542868      0.010000      0.000000      0.001366
     9    13     2     1      2.374275      0.542868      1.030204      0.000000      0.000510
     9    13     3     1      2.374275      0.542868      2.050408      0.000000      0.000001
     9    14     1     1      2.374275      0.625055      0.010000      0.000000      0.001190
     9    14     2     1      2.374275      0.625055      1.030204      0.000000      0.000431
     9    14     3     1      2.374275      0.625055      2.050408      0.000000      0.000000
     9    15     1     1      2.374275      0.719686      0.010000      0.000000      0.000764
     9    15     2     1      2.374275      0.719686      1.030204      0.000000      0.000279
     9    15     3     1      2.374275      0.719686      2.050408      0.000000      0.000000
     9    16     1     1      2.374275      0.828643      0.010000      0.000000      0.001295
     9    16     2     1      2.374275      0.828643      1.030204      0.000000      0.000474
     9    16     3     1      2.374275      0.828643      2.050408      0.000000      0.000000
     9    17     1     1      2.374275      0.954095      0.010000      0.000000      0.001076
     9    17     2     1      2.374275      0.954095      1.030204      0.000000      0.000395
     9    17     3     1      2.374275      0.954095      2.050408      0.000000      0.000000
     9    18     1     1      2.374275      1.098541      0.010000      0.000000      0.001009
     9    18     2     1      2.374275      1.098541      1.030204      0.000000      0.000373
     9    18     3     1      2.374275      1.098541      2.050408      0.000000      0.000001
     9    19     1     1      2.374275      1.264855      0.010000      0.000000      0.001110
     9    19     2     1      2.374275      1.264855      1.030204      0.000000      0.000394
     9    19     3     1      2.374275      1.264855      2.050408      0.000000      0.000001
     9    20     1     1      2.374275      1.456348      0.010000      0.000000      0.001422
     9    20     2     1      2.374275      1.456348      1.030204      0.000000      0.000657
     9    20     3     1      2.374275      1.456348      2.050408      0.000000      0.000019
     9    21     1     1      2.374275      1.676833      0.010000      0.000000      0.001061
     9    21     2     1      2.374275      1.676833      1.030204      0.000000      0.001445
     9    21     3     1      2.374275      1.676833      2.050408      0.000000      0.000101
     9    22     1     1      2.374275      1.930698      0.010000      0.000000      0.000386
     9    22     2     1      2.374275      1.930698      1.030204      0.000000      0.001103
     9    22     3     1      2.374275      1.930698      2.050408      0.000000      0.000081
     9    23     1     1      2.374275      2.222996      0.010000      0.000000      0.000108
     9    23     2     1      2.374275      2.222996      1.030204      0.000000      0.001945
     9    23     3     1      2.374275      2.222996      2.050408      0.000000      0.000290
     9    24     1     1      2.374275      2.559548      0.010000      0.000000      0.000011
     9    24     2     1      2.374275      2.559548      1.030204      0.000000      0.002136
     9    24     3     1      2.374275      2.559548      2.050408      0.000000      0.000462
     9    25     1     1      2.374275      2.947052      0.010000      0.000000      0.000000
     9    25     2     1      2.374275      2.947052      1.030204      0.000000      0.003299
     9    25     3     1      2.374275      2.947052      2.050408      0.000000      0.001159
     9    26     2     1      2.374275      3.393222      1.030204      0.000000      0.006641
     9    26     3     1      2.374275      3.393222      2.050408      0.000000      0.003080
     9    27     2     1      2.374275      3.906940      1.030204      0.000000      0.005954
     9    27     3     1      2.374275      3.906940      2.050408      0.000000      0.003523
     9    28     2     1      2.374275      4.498433      1.030204      0.000000      0.001489
     9    28     3     1      2.374275      4.498433      2.050408      0.000000      0.000826
     9    29     2     1      2.374275      5.179475      1.030204      0.000000      0.000695
     9    29     3     1      2.374275      5.179475      2.050408      0.000000      0.000818
     9    30     2     1      2.374275      5.963623      1.030204      0.000000      0.000020
     9    30     3     1      2.374275      5.963623      2.050408      0.000000      0.000203
     9    31     2     1      2.374275      6.866488      1.030204      0.000000      0.000002
     9    31     3     1      2.374275      6.866488      2.050408      0.000000      0.000006
    10     1     1     1      3.167437      0.100000      0.010000      0.000000      0.002300
    10     9     1     1      3.167437      0.308884      0.010000      0.000000      0.000023
    10     9     2     1      3.167437      0.308884      1.030204      0.000000      0.000008
    10    10     1     1      3.167437      0.355648      0.010000      0.000000      0.000407
    10    10     2     1      3.167437      0.355648      1.030204      0.000000      0.000147
    10    12     1     1      3.167437      0.471487      0.010000      0.000000      0.000000
    10    12     2     1      3.167437      0.471487      1.030204      0.000000      0.000000
    10    13     1     1      3.167437      0.542868      0.010000      0.000000      0.000140
    10    13     2     1      3.167437      0.542868      1.030204      0.000000      0.000051
    10    14     1     1      3.167437      0.625055      0.010000      0.000000      0.000122
    10    14     2     1      3.167437      0.625055      1.030204      0.000000      0.000044
    10    15     1     1      3.167437      0.719686      0.010000      0.000000      0.000073
    10    15     2     1      3.167437      0.719686      1.030204      0.000000      0.000026
    10    16     1     1      3.167437      0.828643      0.010000      0.000000      0.000134
    10    16     2     1      3.167437      0.828643      1.030204      0.000000      0.000048
    10    17     1     1      3.167437      0.954095      0.010000      0.000000      0.000123
    10    17     2     1      3.167437      0.954095      1.030204      0.000000      0.000044
    10    18     1     1      3.167437      1.098541      0.010000      0.000000      0.000117
    10    18     2     1      3.167437      1.098541      1.030204      0.000000      0.000042
    10    19     1     1      3.167437      1.264855      0.010000      0.000000      0.000540
    10    19     2     1      3.167437      1.264855      1.030204      0.000000      0.000157
    10    20     1     1      3.167437      1.456348      0.010000      0.000000      0.001555
    10    20     2     1      3.167437      1.456348      1.030204      0.000000      0.000476
    10    20     3     1      3.167437      1.456348      2.050408      0.000000      0.000003
    10    21     1     1      3.167437      1.676833      0.010000      0.000000      0.000933
    10    21     2     1      3.167437      1.676833      1.030204      0.000000      0.000456
    10    21     3     1      3.167437      1.676833      2.050408      0.000000      0.000015
    10    22     1     1      3.167437      1.930698      0.010000      0.000000      0.000555
    10    22     2     1      3.167437      1.930698      1.030204      0.000000      0.000276
    10    22     3     1      3.167437      1.930698      2.050408      0.000000      0.000010
    10    23     1     1      3.167437      2.222996      0.010000      0.000000      0.000286
    10    23     2     1      3.167437      2.222996      1.030204      0.000000      0.000122
    10    23     3     1      3.167437      2.222996      2.050408      0.000000      0.000003
    10    24     1     1      3.167437      2.559548      0.010000      0.000000      0.000188
    10    24     2     1      3.167437      2.559548      1.030204      0.000000      0.000145
    10    24     3     1      3.167437      2.559548      2.050408      0.000000      0.000012
    10    25     1     1      3.167437      2.947052      0.010000      0.000000      0.000016
    10    25     2     1      3.167437      2.947052      1.030204      0.000000      0.000374
    10    25     3     1      3.167437      2.947052      2.050408      0.000000      0.000099
    10    26     2     1      3.167437      3.393222      1.030204      0.000000      0.001071
    10    26     3     1      3.167437      3.393222      2.050408      0.000000      0.000498
    10    27     2     1      3.167437      3.906940      1.030204      0.000000      0.001564
    10    27     3     1      3.167437      3.906940      2.050408      0.000000      0.000652
    10    28     2     1      3.167437      4.498433      1.030204      0.000000      0.002992
    10    28     3     1      3.167437      4.498433      2.050408      0.000000      0.001014
    10    29     2     1      3.167437      5.179475      1.030204      0.000000      0.001750
    10    29     3     1      3.167437      5.179475      2.050408      0.000000      0.001884
    10    30     2     1      3.167437      5.963623      1.030204      0.000000      0.000508
    10    30     3     1      3.167437      5.963623      2.050408      0.000000      0.000700
    10    31     2     1      3.167437      6.866488      1.030204      0.000000      0.000068
    10    31     3     1      3.167437      6.866488      2.050408      0.000000      0.000227
    10    32     2     1      3.167437      7.906043      1.030204      0.000000      0.000000
    10    32     3     1      3.167437      7.906043      2.050408      0.000000      0.000000
    11     1     1     1      4.225567      0.100000      0.010000      0.000000      0.000666
    11     9     1     1      4.225567      0.308884      0.010000      0.000000      0.000000
    11     9     2     1      4.225567      0.308884      1.030204      0.000000      0.000000
    11    10     1     1      4.225567      0.355648      0.010000      0.000000      0.000003
    11    10     2     1      4.225567      0.355648      1.030204      0.000000      0.000001
    11    13     1     1      4.225567      0.542868      0.010000      0.000000      0.000001
    11    13     2     1      4.225567      0.542868      1.030204      0.000000      0.000000
    11    14     1     1      4.225567      0.625055      0.010000      0.000000      0.000001
    11    14     2     1      4.225567      0.625055      1.030204      0.000000      0.000000
    11    15     1     1      4.225567      0.719686      0.010000      0.000000      0.000001
    11    15     2     1      4.225567      0.719686      1.030204      0.000000      0.000000
    11    16     1     1      4.225567      0.828643      0.010000      0.000000      0.000001
    11    16     2     1      4.225567      0.828643      1.030204      0.000000      0.000000
    11    17     1     1      4.225567      0.954095      0.010000      0.000000      0.000001
    11    17     2     1      4.225567      0.954095      1.030204      0.000000      0.000000
    11    18     1     1      4.225567      1.098541      0.010000      0.000000      0.000001
    11    18     2     1      4.225567      1.098541      1.030204      0.000000      0.000000
    11    19     1     1      4.225567      1.264855      0.010000      0.000000      0.000136
    11    19     2     1      4.225567      1.264855      1.030204      0.000000      0.000044
    11    20     1     1      4.225567      1.456348      0.010000      0.000000      0.000414
    11    20     2     1      4.225567      1.456348      1.030204      0.000000      0.000135
    11    20     3     1      4.225567      1.456348      2.050408      0.000000      0.000000
    11    21     1     1      4.225567      1.676833      0.010000      0.000000      0.000171
    11    21     2     1      4.225567      1.676833      1.030204      0.000000      0.000063
    11    21     3     1      4.225567      1.676833      2.050408      0.000000      0.000000
    11    22     1     1      4.225567      1.930698      0.010000      0.000000      0.000176
    11    22     2     1      4.225567      1.930698      1.030204      0.000000      0.000064
    11    22     3     1      4.225567      1.930698      2.050408      0.000000      0.000000
    11    23     1     1      4.225567      2.222996      0.010000      0.000000      0.000130
    11    23     2     1      4.225567      2.222996      1.030204      0.000000      0.000047
    11    24     1     1      4.225567      2.559548      0.010000      0.000000      0.000386
    11    24     2     1      4.225567      2.559548      1.030204      0.000000      0.000148
    11    24     3     1      4.225567      2.559548      2.050408      0.000000      0.000001
    11    25     1     1      4.225567      2.947052      0.010000      0.000000      0.000036
    11    25     2     1      4.225567      2.947052      1.030204      0.000000      0.000026
    11    25     3     1      4.225567      2.947052      2.050408      0.000000      0.000002
    11    26     2     1      4.225567      3.393222      1.030204      0.000000      0.000008
    11    26     3     1      4.225567      3.393222      2.050408      0.000000      0.000004
    11    27     2     1      4.225567      3.906940      1.030204      0.000000      0.000098
    11    27     3     1      4.225567      3.906940      2.050408      0.000000      0.000016
    11    28     2     1      4.225567      4.498433      1.030204      0.000000      0.000421
    11    28     3     1      4.225567      4.498433      2.050408      0.000000      0.000135
    11    29     2     1      4.225567      5.179475      1.030204      0.000000      0.000621
    11    29     3     1      4.225567      5.179475      2.050408      0.000000      0.000316
    11    30     2     1      4.225567      5.963623      1.030204      0.000000      0.001097
    11    30     3     1      4.225567      5.963623      2.050408      0.000000      0.000629
    11    31     2     1      4.225567      6.866488      1.030204      0.000000      0.000151
    11    31     3     1      4.225567      6.866488      2.050408      0.000000      0.000506
    11    32     2     1      4.225567      7.906043      1.030204      0.000000      0.000000
    11    32     3     1      4.225567      7.906043      2.050408      0.000000      0.000001
